6504
6502
6500
6498
6496
6494
6492
6490
6486
6484
6482
6480
6478
6476
6474
6472
6470
6468
6466
6456
6454
6452
6450
6448
6446
6444
6442
6440
6436
6434
6432
6430
6428
6426
6424
6420
6418
6416
6414
6412
6410
6408
6404
6402
6400
6398
6390
6388
6384
6380
6376
6372
6368
6364
6362
6360
6358
6356
6352
6350
6346
6342
6340
6338
6336
6334
6330
6328
6326
6320
6316
6312
6310
6308
6306
6302
6296
6294
6292
6288
6286
6284
6280
6270
6266
6256
6254
6252
6250
6248
6246
6244
6242
6240
6238
6232
6226
6222
6204
6202
6200
6194
6192
6190
6186
6182
6176
6172
6168
6166
6156
6154
6152
6150
6132
6130
6128
6124
6120
6118
6116
6108
6096
6094
6092
6086
6080
6078
6076
6074
6070
6062
6060
6050
6048
6046
6038
6036
6028
6026
6022
6020
6018
6014
6010
6008
6004
6000
5998
5994
5992
5988
5986
5974
5972
5970
5968
5966
5964
5962
5956
5952
5950
5944
5940
5938
5934
5932
5930
5926
5922
5918
5914
5910
5908
5906
5904
5902
5898
5882
5880
5878
5876
5874
5870
5866
5858
5856
5854
5848
5842
5840
5838
5834
5832
5830
5828
5826
5816
5804
5794
5778
5742
5730
5714
5712
5696
5686
5676
5670
5650
5636
5632
5626
5622
5620
5618
5602
5596
5594
5558
5542
5532
5512
5506
5500
5492
5454
5444
5432
5382
5362
5358
5354
5336
5320
5296
5282
5280
5266
5232
5228
5222
5198
5186
5138
5086
5082
5076
4990
4908
4594
4528
4522
4172
4092
4082
4054
4048
4010
3974
3928
3926
3768
3678
3478
3470
3340
3222
3206
2812
2798
2792
2774
2572
2514
2410
2332
2186
2098
892
856
