1866
1864
1856
1854
1852
1850
1846
1838
1836
1834
1832
1830
1826
1824
1818
1816
1808
1806
1804
1802
1798
1794
1792
1790
1786
1782
1780
1774
1764
1762
1760
1748
1744
1740
1736
1734
1732
1730
1728
1720
1716
1710
1708
1694
1692
1690
1686
1684
1676
1668
1666
1652
1650
1648
1644
1640
1632
1628
1626
1622
1618
1612
1604
1598
1582
1572
1564
1560
1554
1534
1522
1510
1502
1476
1474
1472
1468
1452
1434
1414
1408
1374
1344
1340
1332
1318
1312
1264
1246
1240
1238
1228
1206
1204
1192
1190
1112
1104
1102
1098
1040
1034
986
972
964
958
952
928
924
914
898
868
864
826
742
736
734
630
620
592
590
570
568
550
526
480
436
434
426
402
398
392
390
366
364
358
356
354
330
328
316
314
280
276
270
264
244
238
220
210
204
176
164
160
156
136
108
106
82
80
56
52
46
42
28
26
22
12
1810
1800
1788
1778
1776
1770
1768
1766
1758
1754
1746
1742
1726
1724
1698
1682
1680
1678
1672
1664
1662
1660
1658
1656
1654
1638
1620
1614
1610
1596
1586
1584
1580
1578
1574
1568
1558
1556
1552
1544
1532
1518
1516
1506
1500
1470
1464
1456
1450
1432
1430
1412
1410
1390
1388
1382
1376
1372
1356
1352
1350
1346
1328
1326
1294
1292
1286
1280
1276
1258
1256
1252
1248
1230
1212
1186
1168
1160
1150
1142
1140
1108
1100
1086
1060
1058
1050
1046
1036
1024
988
974
970
968
966
962
948
946
942
930
926
918
916
904
900
892
890
888
882
874
872
870
862
860
856
854
852
850
840
838
836
834
832
830
828
822
820
818
814
812
808
798
796
794
778
764
762
740
732
730
728
726
680
644
642
640
628
626
572
562
558
540
538
534
532
530
494
478
468
440
428
424
422
418
414
412
408
406
396
394
384
380
360
352
346
344
336
334
332
324
312
310
300
298
296
290
286
282
272
268
266
262
260
254
248
246
240
234
232
228
224
218
216
212
208
202
198
192
188
186
184
182
180
178
174
162
158
154
152
150
148
146
144
138
134
132
128
124
122
120
114
110
104
100
96
94
90
88
86
78
76
74
70
68
62
50
38
36
30
24
