6182
6180
6176
6174
6172
6170
6168
6166
6164
6162
6160
6156
6154
6152
6150
6148
6146
6144
6142
6140
6138
6136
6132
6130
6128
6126
6124
6122
6120
6118
6116
6112
6108
6096
6094
6092
6086
6084
6082
6080
6078
6076
6074
6070
6064
6062
6060
6056
6050
6048
6046
6044
6042
6038
6036
6030
6028
6026
6024
6022
6020
6018
6014
6010
6008
6004
6002
6000
5998
5994
5992
5990
5988
5986
5984
5974
5972
5970
5968
5966
5964
5962
5956
5952
5950
5944
5940
5938
5936
5934
5932
5930
5926
5922
5920
5918
5914
5910
5908
5906
5904
5902
5898
5880
5878
5876
5874
5871
5870
5868
5866
5864
5860
5858
5856
5854
5848
5846
5844
5842
5840
5838
5834
5832
5830
5828
5826
5820
5816
5814
5804
5800
5798
5794
5784
5782
5778
5766
5760
5756
5754
5752
5750
5748
5744
5742
5740
5738
5734
5732
5730
5726
5724
5720
5718
5716
5714
5712
5708
5704
5702
5696
5694
5690
5686
5676
5670
5662
5660
5650
5646
5644
5642
5636
5632
5628
5626
5622
5620
5618
5608
5602
5596
5594
5592
5574
5558
5542
5538
5536
5528
5512
5510
5508
5506
5500
5498
5492
5474
5472
5456
5454
5448
5444
5440
5438
5432
5428
5410
5408
5406
5402
5398
5390
5388
5384
5382
5362
5358
5356
5354
5336
5324
5320
5314
5306
5302
5296
5294
5282
5280
5276
5272
5266
5254
5246
5244
5232
5230
5228
5222
5210
5206
5198
5192
5186
5182
5176
5174
5162
5152
5150
5144
5138
5136
5132
5118
5100
5096
5092
5086
5082
5076
5062
5028
5012
5008
5002
4996
4990
4960
4958
4954
4922
4908
4870
4868
4852
4850
4808
4780
4778
4760
4758
4712
4698
4690
4680
4646
4644
4634
4628
4616
4600
4594
4560
4528
4522
4422
4242
4220
4172
4144
4092
4082
4048
4012
4010
4008
3988
3974
3928
3926
3830
3768
3722
3706
3684
3678
3630
3626
3518
3478
3470
3372
3340
3222
3206
3048
2830
2808
2798
2792
2774
2572
2552
2332
2186
2098
2074
2068
892
856
